Aasu,Afao,Afono,Agugulu,Alao,Alega,Alofau,Amaluia,Amanave,Amaua,Amouli,Anua,Aoa,Aoloau,Asili,Atuu,Aua,Auasi,Aumi,Aunuu,Auto,Avaio,Fagaalu,Fagaitua,Fagalii,Fagamalo,Faganeanea,Fagasa,Fagatogo,Failolo,Faleniu,Fatumafuti,Futiga,Iliili,Laulii,Leloaloa,Leone,Malaeimi,Malaeloa/Aitulagi,Malaeloa/Ituau,Maloata,Mapusagafou,Masausi,Masefau,Matuu,Mesepa,Nua,Nuuuli,Onenoa,Pagai,Pago,Pavaiai,Poloa,Sailele,Seetaga,Tafuna,Taputimu,Tula,Utulei,Utumea East,Utumea West,Vailoatai,Vaitogi,Vatia
Aasu,0,5.903,12.311,7.612,20.944,13.225,16.977,5.331,8.312,14.776,19.087,7.029,18.869,2.197,5.432,7.991,10.86,10.86,11.929,22.15,14.301,13.809,7.986,15.79,7.668,5.512,7.36,4.506,7.395,8.195,3.772,8.653,5.664,5.341,11.331,9.425,5.103,2.913,4.519,5.089,6.166,2.935,17.151,14.431,7.943,3.257,6.214,5.09,19.703,16.644,6.543,4.248,8.391,17.924,6.578,5.058,6.863,21.27,8.198,20.632,6.947,6.554,6.353,10.333
Afao,5.903,0,17.991,2.092,26.298,18.581,22.296,1.082,3.208,20.202,24.379,12.85,24.269,3.728,0.598,13.748,16.48,16.48,17.172,27.227,19.692,19.135,13.34,21.243,3.654,3.603,12.378,10.192,13.035,2.827,6.358,13.793,4.968,6.765,16.594,15.142,2.307,6.661,3.732,4.186,3.195,4.765,22.659,20.093,13.047,5.786,0.667,9.746,25.212,22.053,12.313,5.327,3.674,23.428,1.334,7.994,4.288,26.738,13.734,25.908,1.487,3.231,6.921,16.204
Afono,12.311,17.991,0,19.867,8.988,2.527,5.37,17.183,20.62,3.123,7.364,5.378,6.896,14.323,17.444,4.339,1.566,1.566,3.002,10.766,2.932,2.953,4.913,3.886,19.929,17.648,6.255,7.827,4.957,20.484,12.365,4.976,15.211,13.164,3.018,2.891,16.465,11.595,15.176,15.297,18.396,13.493,5.017,2.12,5.599,12.678,18.409,8.729,7.504,4.791,5.781,13.708,20.696,5.772,18.841,11.379,17.013,9.107,4.312,8.858,19.195,17.354,14.065,3.037
Agugulu,7.612,2.092,19.867,0,28.288,20.559,24.289,3.156,1.205,22.167,26.38,14.637,26.246,5.545,2.688,15.578,18.378,18.378,19.169,29.266,21.664,21.121,15.302,23.203,2.283,3.616,14.391,12.041,14.915,0.743,8.444,15.795,6.957,8.839,18.586,16.995,4.344,8.7,5.807,6.218,2.812,6.829,24.605,21.979,15.051,7.861,1.509,11.777,27.16,24.025,14.132,7.417,1.821,25.375,1.034,10.085,6.002,28.7,15.652,27.913,0.673,4.923,8.934,17.939
Alao,20.944,26.298,8.988,28.288,0,7.734,4.002,25.382,29.152,6.173,1.968,14.279,2.099,22.787,25.719,13.201,10.208,10.208,9.127,2.645,6.644,7.167,12.999,5.187,28.612,26.409,13.928,16.455,13.596,28.953,20.172,12.507,22.722,20.519,9.705,11.765,24.488,19.657,23.066,23.022,27.106,21.583,3.989,7.024,13.254,20.631,26.79,16.579,1.935,4.307,14.586,21.453,29.303,3.274,27.289,18.807,24.508,1.206,12.751,0.791,27.616,25.076,21.157,11.851
Alega,13.225,18.581,2.527,20.559,7.734,0,3.752,17.682,21.418,1.661,5.862,6.808,5.688,15.053,18.006,5.725,2.857,2.857,1.508,9.031,1.119,0.601,5.265,2.711,20.889,18.71,6.251,8.758,5.948,21.221,12.544,4.822,15.215,13.05,2.02,4.403,16.825,11.963,15.433,15.441,19.391,13.893,4.174,2.763,5.565,12.967,19.064,8.905,6.684,3.475,7.006,13.854,21.571,4.917,19.558,11.288,17.021,8.167,5.06,7.408,19.887,17.508,13.807,5.37
Alofau,16.977,22.296,5.37,24.289,4.002,3.752,0,21.379,25.16,2.299,2.111,10.447,2.05,18.794,21.717,9.36,6.378,6.378,5.125,5.407,2.697,3.173,9.012,1.54,24.641,22.46,9.926,12.505,9.673,24.956,16.179,8.505,18.759,16.564,5.703,7.958,20.49,15.655,19.073,19.04,23.143,17.581,1.602,3.789,9.251,16.632,22.79,12.578,3.295,0.767,10.702,17.466,25.319,1.884,23.292,14.837,20.552,4.575,8.803,3.657,23.618,21.098,17.237,8.387
Amaluia,5.331,1.082,17.183,3.156,25.382,17.682,21.379,0,4.289,19.314,23.453,12.13,23.366,3.138,0.541,12.99,15.656,15.656,16.255,26.26,18.796,18.228,12.466,20.359,4.673,4.239,11.453,9.434,12.235,3.897,5.339,12.875,3.901,5.687,15.683,14.359,1.233,5.725,2.653,3.108,4.01,3.802,21.786,19.273,12.129,4.793,1.741,8.806,24.335,21.157,11.569,4.264,4.751,22.551,2.404,6.951,3.389,25.847,12.899,24.977,2.568,2.397,5.845,15.512
Amanave,8.312,3.208,20.62,1.205,29.152,21.418,25.16,4.289,0,23.008,27.259,15.329,27.096,6.365,3.789,16.303,19.156,19.156,20.052,30.197,22.514,21.987,16.153,24.036,1.548,3.596,15.302,12.8,15.688,0.549,9.491,16.692,8.137,9.972,19.464,17.736,5.501,9.667,6.94,7.381,2.705,7.841,25.421,22.739,15.951,8.887,2.566,12.719,27.976,24.872,14.854,8.521,0.696,26.193,1.943,11.154,7.207,29.53,16.457,28.798,1.721,6.127,10.108,18.575
Amaua,14.776,20.202,3.123,22.167,6.173,1.661,2.299,19.314,23.008,0,4.38,8.156,4.093,16.646,19.631,7.071,4.083,4.083,3.164,7.703,0.558,1.23,6.865,1.051,22.444,20.236,7.901,10.283,7.424,22.821,14.198,6.473,16.876,14.711,3.68,5.662,18.471,13.601,17.085,17.098,20.935,15.531,2.513,2.037,7.213,14.614,20.676,10.552,5.03,1.868,8.429,15.511,23.145,3.258,21.16,12.95,18.682,6.536,6.579,5.917,21.494,19.166,15.463,6.159
Amouli,19.087,24.379,7.364,26.38,1.968,5.862,2.111,23.453,27.259,4.38,0,12.536,0.943,20.894,23.798,11.451,8.461,8.461,7.211,3.447,4.805,5.279,11.116,3.48,26.75,24.571,12.002,14.616,11.782,27.05,18.226,10.587,20.76,18.556,7.796,10.037,22.547,17.729,21.119,21.067,25.253,19.652,2.621,5.564,11.333,18.693,24.879,14.647,2.137,2.574,12.804,19.501,27.423,2.148,25.386,16.848,22.544,2.806,10.914,1.546,25.709,23.118,19.19,10.331
Anua,7.029,12.85,5.378,14.637,14.279,6.808,10.447,12.13,15.329,8.156,12.536,0,12.18,9.13,12.332,1.087,4.077,4.077,5.871,15.817,7.761,7.408,2.739,9.097,14.579,12.279,3.665,2.733,1.311,15.224,7.875,3.752,10.802,9.067,5.313,2.515,11.563,6.893,10.431,10.692,13.04,8.643,10.356,7.489,3.562,8.01,13.216,4.734,12.872,9.991,0.665,9.177,15.371,11.122,13.604,7.421,12.524,14.47,2.147,14.07,13.969,12.664,10.139,3.403
Aoa,18.869,24.269,6.896,26.246,2.099,5.688,2.05,23.366,27.096,4.093,0.943,12.18,0,20.733,23.694,11.103,8.11,8.11,7.12,4.161,4.583,5.139,10.946,3.091,26.537,24.324,11.921,14.374,11.508,26.905,18.194,10.494,20.796,18.605,7.685,9.667,22.495,17.644,21.088,21.067,25.027,19.573,1.934,4.969,11.24,18.636,24.752,14.576,1.383,2.226,12.491,19.489,27.238,1.31,25.243,16.872,22.592,2.526,10.672,2.028,25.574,23.128,19.285,9.789
Aoloau,2.197,3.728,14.323,5.545,22.787,15.053,18.794,3.138,6.365,16.646,20.894,9.13,20.733,0,3.239,10.047,12.833,12.833,13.69,23.855,16.151,15.622,9.788,17.677,5.975,4.187,8.959,6.5,9.37,6.179,3.743,10.336,4.37,4.929,13.1,11.456,3.055,3.5,2.922,3.603,4.609,2.144,19.071,16.435,9.599,3.077,4.091,6.427,21.626,18.509,8.605,3.458,6.548,19.842,4.524,5.402,5.128,23.173,10.111,22.434,4.872,4.611,5.669,12.477
Asili,5.432,0.598,17.444,2.688,25.719,18.006,21.717,0.541,3.789,19.631,23.798,12.332,23.694,3.239,0,13.217,15.927,15.927,16.592,26.636,19.118,18.558,12.771,20.673,4.133,3.774,11.796,9.659,12.489,3.422,5.76,13.212,4.437,6.184,16.015,14.602,1.769,6.074,3.155,3.636,3.495,4.172,22.092,19.542,12.466,5.19,1.225,9.159,24.644,21.48,11.786,4.736,4.23,22.859,1.88,7.397,3.903,26.166,13.177,25.325,2.072,2.885,6.373,15.698
Atuu,7.991,13.748,4.339,15.578,13.201,5.725,9.36,12.99,16.303,7.071,11.451,1.087,11.103,10.047,13.217,0,2.995,2.995,4.831,14.731,6.674,6.325,2.204,8.017,15.591,13.31,3.448,3.558,1.018,16.18,8.496,3.127,11.419,9.566,4.288,1.452,12.361,7.585,11.165,11.376,14.057,9.408,9.289,6.458,3.146,8.7,14.138,5.106,11.815,8.909,1.449,9.825,16.365,10.057,14.548,7.849,13.178,13.408,1.392,12.986,14.908,13.387,10.594,2.772
Aua,10.86,16.48,1.566,18.378,10.208,2.857,6.378,15.656,19.156,4.083,8.461,4.077,8.11,12.833,15.927,2.995,0,0,2.464,11.768,3.711,3.439,3.348,5.022,18.508,16.256,4.705,6.357,3.468,19.005,10.802,3.472,13.645,11.601,2.171,1.581,14.919,10.043,13.62,13.734,16.983,11.947,6.315,3.617,4.06,11.121,16.91,7.164,8.855,5.915,4.388,12.144,19.251,7.086,17.356,9.817,15.447,10.438,2.762,9.994,17.705,15.792,12.51,2.751
Auasi,10.86,16.48,1.566,18.378,10.208,2.857,6.378,15.656,19.156,4.083,8.461,4.077,8.11,12.833,15.927,2.995,0,0,2.464,11.768,3.711,3.439,3.348,5.022,18.508,16.256,4.705,6.357,3.468,19.005,10.802,3.472,13.645,11.601,2.171,1.581,14.919,10.043,13.62,13.734,16.983,11.947,6.315,3.617,4.06,11.121,16.91,7.164,8.855,5.915,4.388,12.144,19.251,7.086,17.356,9.817,15.447,10.438,2.762,9.994,17.705,15.792,12.51,2.751
Aumi,11.929,17.172,3.002,19.169,9.127,1.508,5.125,16.255,20.052,3.164,7.211,5.871,7.12,13.69,16.592,4.831,2.464,2.464,0,10.226,2.612,1.989,3.945,4.208,19.573,17.435,4.803,7.524,4.839,19.84,11.076,3.38,13.721,11.55,0.6,3.725,15.374,10.531,13.969,13.961,18.091,12.458,5.676,4.032,4.127,11.516,17.668,7.457,8.167,4.934,5.954,12.378,20.227,6.411,18.176,9.793,15.525,9.623,3.907,8.746,18.499,16.026,12.3,5.215
Aunuu,22.15,27.227,10.766,29.266,2.645,9.031,5.407,26.26,30.197,7.703,3.447,15.817,4.161,23.855,26.636,14.731,11.768,11.768,10.226,0,8.06,8.43,14.17,6.885,29.777,27.659,14.897,17.743,14.974,29.956,20.954,13.525,23.318,21.104,10.825,13.349,25.286,20.568,23.824,23.705,28.306,22.466,6.045,9.011,14.258,21.469,27.758,17.489,4.526,5.986,16.036,22.178,30.403,5.471,28.294,19.472,25.062,3.671,14.072,2.199,28.601,25.721,21.622,13.758
Auto,14.301,19.692,2.932,21.664,6.644,1.119,2.697,18.796,22.514,0.558,4.805,7.761,4.583,16.151,19.118,6.674,3.711,3.711,2.612,8.06,0,0.677,6.364,1.596,21.969,19.774,7.37,9.818,6.977,22.322,13.663,5.941,16.33,14.162,3.139,5.291,17.943,13.079,16.553,16.559,20.465,15.009,3.064,2.269,6.683,14.086,20.171,10.023,5.564,2.362,8.005,14.973,22.66,3.8,20.66,12.403,18.135,7.051,6.114,6.35,20.992,18.626,14.909,5.954
Avaio,13.809,19.135,2.953,21.121,7.167,0.601,3.173,18.228,21.987,1.23,5.279,7.408,5.139,15.622,18.558,6.325,3.439,3.439,1.989,8.43,0.677,0,5.838,2.244,21.471,19.298,6.783,9.349,6.546,21.786,13.064,5.356,15.707,13.532,2.546,4.994,17.358,12.506,15.957,15.95,19.975,14.434,3.711,2.761,6.101,13.499,19.624,9.438,6.18,2.945,7.607,14.367,22.146,4.433,20.122,11.779,17.51,7.635,5.655,6.824,20.449,18.015,14.265,5.885
Fagaalu,7.986,13.34,4.913,15.302,12.999,5.265,9.012,12.466,16.153,6.865,11.116,2.739,10.946,9.788,12.771,2.204,3.348,3.348,3.945,14.17,6.364,5.838,0,7.904,15.638,13.49,1.436,3.605,1.429,15.959,7.479,1.02,10.301,8.254,3.346,2.599,11.665,6.779,10.326,10.411,14.15,8.704,9.321,6.903,0.961,7.831,13.811,3.825,11.872,8.724,2.465,8.819,16.308,10.088,14.297,6.471,12.106,13.4,0.887,12.66,14.629,12.476,9.176,4.609
Fagaitua,15.79,21.243,3.886,23.203,5.187,2.711,1.54,20.359,24.036,1.051,3.48,9.097,3.091,17.677,20.673,8.017,5.022,5.022,4.208,6.885,1.596,2.244,7.904,0,23.457,21.236,8.952,11.29,8.419,23.854,15.249,7.524,17.925,15.758,4.73,6.586,19.52,14.648,18.136,18.149,21.944,16.578,1.469,2.258,8.263,15.664,21.714,11.602,3.98,0.907,9.4,16.562,24.167,2.207,22.194,13.998,19.731,5.497,7.592,4.99,22.53,20.217,16.503,6.875
Fagalii,7.668,3.654,19.929,2.283,28.612,20.889,24.641,4.673,1.548,22.444,26.75,14.579,26.537,5.975,4.133,15.591,18.508,18.508,19.573,29.777,21.969,21.471,15.638,23.457,0,2.389,14.902,12.168,15.051,1.982,9.448,16.253,8.562,10.168,18.978,17.039,5.898,9.44,7.2,7.743,1.547,7.756,24.812,22.049,15.525,8.806,3.001,12.401,27.36,24.312,14.149,8.652,1.043,25.584,2.357,11.142,7.926,28.933,15.866,28.294,2.398,6.854,10.47,17.732
Fagamalo,5.512,3.603,17.648,3.616,26.409,18.71,22.46,4.239,3.596,20.236,24.571,12.279,24.324,4.187,3.774,13.31,16.256,16.256,17.435,27.659,19.774,19.298,13.49,21.236,2.389,0,12.856,9.955,12.818,3.786,7.902,14.165,7.723,8.912,16.836,14.761,5.266,7.668,6.213,6.864,0.894,6.236,22.569,19.765,13.451,7.236,3.207,10.462,25.11,22.103,11.877,7.377,3.349,23.341,2.912,9.579,7.603,26.693,13.66,26.117,3.236,6.636,9.443,15.383
Faganeanea,7.36,12.378,6.255,14.391,13.928,6.251,9.926,11.453,15.302,7.901,12.002,3.665,11.921,8.959,11.796,3.448,4.705,4.705,4.803,14.897,7.37,6.783,1.436,8.952,14.902,12.856,0,3.412,2.484,15.072,6.299,1.429,9.036,6.933,4.238,4.032,10.576,5.729,9.184,9.21,13.455,7.655,10.402,8.169,0.69,6.717,12.886,2.655,12.931,9.722,3.177,7.619,15.508,11.157,13.408,5.147,10.846,14.416,2.291,13.53,13.723,11.28,7.811,6.015
Fagasa,4.506,10.192,7.827,12.041,16.455,8.758,12.505,9.434,12.8,10.283,14.616,2.733,14.374,6.5,9.659,3.558,6.357,6.357,7.524,17.743,9.818,9.349,3.605,11.29,12.168,9.955,3.412,0,2.889,12.657,5.215,4.43,8.127,6.527,6.925,4.955,8.835,4.187,7.701,7.977,10.653,5.91,12.646,9.942,3.816,5.301,10.591,2.674,15.197,12.151,2.138,6.487,12.896,13.418,11.015,5.021,9.821,16.766,3.705,16.163,11.37,9.935,7.639,6.136
Fagatogo,7.395,13.035,4.957,14.915,13.596,5.948,9.673,12.235,15.688,7.424,11.782,1.311,11.508,9.37,12.489,1.018,3.468,3.468,4.839,14.974,6.977,6.546,1.429,8.419,15.051,12.818,2.484,2.889,0,15.539,7.585,2.442,10.496,8.598,4.254,2.139,11.551,6.72,10.31,10.489,13.531,8.583,9.761,7.065,2.283,7.826,13.453,4.119,12.31,9.289,1.135,8.922,15.785,10.533,13.892,6.865,12.269,13.883,0.941,13.327,14.242,12.519,9.612,3.768
Failolo,8.195,2.827,20.484,0.743,28.953,21.221,24.956,3.897,0.549,22.821,27.05,15.224,26.905,6.179,3.422,16.18,19.005,19.005,19.84,29.956,22.322,21.786,15.959,23.854,1.982,3.786,15.072,12.657,15.539,0,9.168,16.471,7.697,9.582,19.255,17.605,5.088,9.399,6.549,6.961,2.916,7.542,25.25,22.599,15.728,8.579,2.222,12.468,27.805,24.682,14.733,8.155,1.241,26.021,1.664,10.816,6.709,29.351,16.289,28.586,1.364,5.633,9.675,18.501
Faleniu,3.772,6.358,12.365,8.444,20.172,12.544,16.179,5.339,9.491,14.198,18.226,7.875,18.194,3.743,5.76,8.496,10.802,10.802,11.076,20.954,13.663,13.064,7.479,15.249,9.448,7.902,6.299,5.215,7.585,9.168,0,7.725,2.929,1.618,10.526,9.706,4.333,1.138,2.895,2.933,8.228,1.695,16.7,14.382,6.988,0.667,6.947,3.664,19.227,16.008,7.227,1.344,9.831,17.455,7.548,1.696,4.685,20.7,8.065,19.734,7.805,4.997,2.722,11.229
Fatumafuti,8.653,13.793,4.976,15.795,12.507,4.822,8.505,12.875,16.692,6.473,10.587,3.752,10.494,10.336,13.212,3.127,3.472,3.472,3.38,13.525,5.941,5.356,1.02,7.524,16.253,14.165,1.429,4.43,2.442,16.471,7.725,0,10.441,8.314,2.81,3.176,12.004,7.151,10.613,10.632,14.79,9.079,8.975,6.808,0.746,8.146,14.293,4.084,11.503,8.294,3.482,9.042,16.882,9.729,14.806,6.532,12.25,12.987,1.737,12.118,15.126,12.701,9.151,5.256
Futiga,5.664,4.968,15.211,6.957,22.722,15.215,18.759,3.901,8.137,16.876,20.76,10.802,20.796,4.37,4.437,11.419,13.645,13.645,13.721,23.318,16.33,15.707,10.301,17.925,8.562,7.723,9.036,8.127,10.496,7.697,2.929,10.441,0,2.214,13.197,12.605,2.668,3.954,1.535,0.859,7.726,2.734,19.388,17.191,9.724,2.873,5.634,6.482,21.887,18.647,10.156,1.651,8.639,20.131,6.3,3.928,1.81,23.317,10.935,22.239,6.43,2.426,1.984,14.157
Iliili,5.341,6.765,13.164,8.839,20.519,13.05,16.564,5.687,9.972,14.711,18.556,9.067,18.605,4.929,6.184,9.566,11.601,11.601,11.55,21.104,14.162,13.532,8.254,15.758,10.168,8.912,6.933,6.527,8.598,9.582,1.618,8.314,2.214,0,11.038,10.659,4.506,2.722,3.033,2.692,9.107,2.792,17.224,15.102,7.614,2.089,7.41,4.492,19.71,16.466,8.405,1.538,10.402,17.961,8.057,1.787,3.989,21.128,8.944,20.031,8.252,4.625,1.138,12.333
Laulii,11.331,16.594,3.018,18.586,9.705,2.02,5.703,15.683,19.464,3.68,7.796,5.313,7.685,13.1,16.015,4.288,2.171,2.171,0.6,10.825,3.139,2.546,3.346,4.73,18.978,16.836,4.238,6.925,4.254,19.255,10.526,2.81,13.197,11.038,0,3.262,14.813,9.96,13.416,13.42,17.494,11.889,6.191,4.335,3.556,10.955,17.086,6.893,8.703,5.485,5.373,11.834,19.635,6.937,17.59,9.272,15.004,10.178,3.318,9.334,17.915,15.488,11.812,4.899
Leloaloa,9.425,15.142,2.891,16.995,11.765,4.403,7.958,14.359,17.736,5.662,10.037,2.515,9.667,11.456,14.602,1.452,1.581,1.581,3.725,13.349,5.291,4.994,2.599,6.586,17.039,14.761,4.032,4.955,2.139,17.605,9.706,3.176,12.605,10.659,3.262,0,13.688,8.858,12.448,12.619,15.506,10.721,7.842,5.011,3.516,9.961,15.546,6.167,10.364,7.484,2.89,11.046,17.806,8.609,15.967,8.899,14.387,11.958,1.759,11.567,16.324,14.654,11.638,2.082
Leone,5.103,2.307,16.465,4.344,24.488,16.825,20.49,1.233,5.501,18.471,22.547,11.563,22.495,3.055,1.769,12.361,14.919,14.919,15.374,25.286,17.943,17.358,11.665,19.52,5.898,5.266,10.576,8.835,11.551,5.088,4.333,12.004,2.668,4.506,14.813,13.688,0,4.886,1.495,1.881,5.147,2.972,20.96,18.531,11.26,3.859,2.971,7.921,23.5,20.298,10.971,3.15,5.98,21.721,3.636,5.871,2.383,24.991,12.157,24.06,3.784,1.603,4.615,14.965
Malaeimi,2.913,6.661,11.595,8.7,19.657,11.963,15.655,5.725,9.667,13.601,17.729,6.893,17.644,3.5,6.074,7.585,10.043,10.043,10.531,20.568,13.079,12.506,6.779,14.648,9.44,7.668,5.729,4.187,6.72,9.399,1.138,7.151,3.954,2.722,9.96,8.858,4.886,0,3.59,3.8,8.108,1.93,16.083,13.651,6.405,1.118,7.191,3.085,18.627,15.438,6.26,2.305,9.934,16.846,7.742,2.148,5.635,20.13,7.283,19.254,8.039,5.803,3.846,10.278
Malaeloa/Aitulagi,4.519,3.732,15.176,5.807,23.066,15.433,19.073,2.653,6.94,17.085,21.119,10.431,21.088,2.922,3.155,11.165,13.62,13.62,13.969,23.824,16.553,15.957,10.326,18.136,7.2,6.213,9.184,7.701,10.31,6.549,2.895,10.613,1.535,3.033,13.416,12.448,1.495,3.59,0,0.696,6.263,1.816,19.584,17.219,9.873,2.498,4.38,6.537,22.115,18.9,9.814,1.659,7.381,20.341,5.032,4.383,2.345,23.592,10.864,22.626,5.219,2.235,3.283,13.831
Malaeloa/Ituau,5.089,4.186,15.297,6.218,23.022,15.441,19.04,3.108,7.381,17.098,21.067,10.692,21.067,3.603,3.636,11.376,13.734,13.734,13.961,23.705,16.559,15.95,10.411,18.149,7.743,6.864,9.21,7.977,10.489,6.961,2.933,10.632,0.859,2.692,13.42,12.619,1.881,3.8,0.696,0,6.875,2.241,19.606,17.314,9.901,2.682,4.849,6.592,22.123,18.895,10.06,1.594,7.859,20.356,5.512,4.234,1.868,23.58,10.994,22.562,5.665,2.069,2.737,14.078
Maloata,6.166,3.195,18.396,2.812,27.106,19.391,23.143,4.01,2.705,20.935,25.253,13.04,25.027,4.609,3.495,14.057,16.983,16.983,18.091,28.306,20.465,19.975,14.15,21.944,1.547,0.894,13.455,10.653,13.531,2.916,8.228,14.79,7.726,9.107,17.494,15.506,5.147,8.108,6.263,6.875,0,6.537,23.291,20.515,14.067,7.57,2.682,10.999,25.837,22.803,12.617,7.57,2.465,24.063,2.252,9.921,7.396,27.413,14.356,26.798,2.523,6.376,9.539,16.185
Mapusagafou,2.935,4.765,13.493,6.829,21.583,13.893,17.581,3.802,7.841,15.531,19.652,8.643,19.573,2.144,4.172,9.408,11.947,11.947,12.458,22.466,15.009,14.434,8.704,16.578,7.756,6.236,7.655,5.91,8.583,7.542,1.695,9.079,2.734,2.792,11.889,10.721,2.972,1.93,1.816,2.241,6.537,0,18.012,15.56,8.333,1.053,5.322,5.005,20.557,17.368,8.035,1.393,8.159,18.775,5.902,3.391,4.096,22.06,9.185,21.175,6.178,4.044,3.61,12.046
Masausi,17.151,22.659,5.017,24.605,3.989,4.174,1.602,21.786,25.421,2.513,2.621,10.356,1.934,19.071,22.092,9.289,6.315,6.315,5.676,6.045,3.064,3.711,9.321,1.469,24.812,22.569,10.402,12.646,9.761,25.25,16.7,8.975,19.388,17.224,6.191,7.842,20.96,16.083,19.584,19.606,23.291,18.012,0,3.039,9.712,17.107,23.121,13.048,2.556,1.018,10.701,18.017,25.538,0.773,23.592,15.462,21.195,4.124,8.965,3.958,23.932,21.674,17.972,7.864
Masefau,14.431,20.093,2.12,21.979,7.024,2.763,3.789,19.273,22.739,2.037,5.564,7.489,4.969,16.435,19.542,6.458,3.617,3.617,4.032,9.011,2.269,2.761,6.903,2.258,22.049,19.765,8.169,9.942,7.065,22.599,14.382,6.808,17.191,15.102,4.335,5.011,18.531,13.651,17.219,17.314,20.515,15.56,3.039,0,7.49,14.721,20.518,10.726,5.435,3.08,7.901,15.722,22.816,3.758,20.955,13.316,18.999,7.045,6.377,6.983,21.307,19.378,15.958,4.827
Matuu,7.943,13.047,5.599,15.051,13.254,5.565,9.251,12.129,15.951,7.213,11.333,3.562,11.24,9.599,12.466,3.146,4.06,4.06,4.127,14.258,6.683,6.101,0.961,8.263,15.525,13.451,0.69,3.816,2.283,15.728,6.988,0.746,9.724,7.614,3.556,3.516,11.26,6.405,9.873,9.901,14.067,8.333,9.712,7.49,0,7.402,13.548,3.34,12.243,9.038,3.176,8.309,16.146,10.468,14.063,5.828,11.534,13.731,1.847,12.863,14.382,11.97,8.477,5.555
Mesepa,3.257,5.786,12.678,7.861,20.631,12.967,16.632,4.793,8.887,14.614,18.693,8.01,18.636,3.077,5.19,8.7,11.121,11.121,11.516,21.469,14.086,13.499,7.831,15.664,8.806,7.236,6.717,5.301,7.826,8.579,0.667,8.146,2.873,2.089,10.955,9.961,3.859,1.118,2.498,2.682,7.57,1.053,17.107,14.721,7.402,0,6.358,4.062,19.644,16.439,7.378,1.225,9.21,17.866,6.946,2.352,4.521,21.133,8.366,20.209,7.215,4.694,3.106,11.396
Nua,6.214,0.667,18.409,1.509,26.79,19.064,22.79,1.741,2.566,20.676,24.879,13.216,24.752,4.091,1.225,14.138,16.91,16.91,17.668,27.758,20.171,19.624,13.811,21.714,3.001,3.207,12.886,10.591,13.453,2.222,6.947,14.293,5.634,7.41,17.086,15.546,2.971,7.191,4.38,4.849,2.682,5.322,23.121,20.518,13.548,6.358,0,10.269,25.676,22.532,12.696,5.955,3.011,23.891,0.667,8.599,4.927,27.211,14.176,26.411,0.859,3.859,7.585,16.545
Nuuuli,5.09,9.746,8.729,11.777,16.579,8.905,12.578,8.806,12.719,10.552,14.647,4.734,14.576,6.427,9.159,5.106,7.164,7.164,7.457,17.489,10.023,9.438,3.825,11.602,12.401,10.462,2.655,2.674,4.119,12.468,3.664,4.084,6.482,4.492,6.893,6.167,7.921,3.085,6.537,6.592,10.999,5.005,13.048,10.726,3.34,4.062,10.269,0,15.582,12.377,4.072,4.998,12.956,13.806,10.807,2.746,8.284,17.071,4.463,16.17,11.112,8.659,5.492,7.877
Onenoa,19.703,25.212,7.504,27.16,1.935,6.684,3.295,24.335,27.976,5.03,2.137,12.872,1.383,21.626,24.644,11.815,8.855,8.855,8.167,4.526,5.564,6.18,11.872,3.98,27.36,25.11,12.931,15.197,12.31,27.805,19.227,11.503,21.887,19.71,8.703,10.364,23.5,18.627,22.115,22.123,25.837,20.557,2.556,5.435,12.243,19.644,25.676,15.582,0,3.247,13.236,20.538,28.091,1.785,26.148,17.958,23.69,1.611,11.52,2.368,26.487,24.19,20.427,10.223
Pagai,16.644,22.053,4.791,24.025,4.307,3.475,0.767,21.157,24.872,1.868,2.574,9.991,2.226,18.509,21.48,8.909,5.915,5.915,4.934,5.986,2.362,2.945,8.724,0.907,24.312,22.103,9.722,12.151,9.289,24.682,16.008,8.294,18.647,16.466,5.485,7.484,20.298,15.438,18.9,18.895,22.803,17.368,1.018,3.08,9.038,16.439,22.532,12.377,3.247,0,10.283,17.312,25.012,1.566,23.021,14.719,20.448,4.694,8.447,4.086,23.353,20.96,17.181,7.772
Pago,6.543,12.313,5.781,14.132,14.586,7.006,10.702,11.569,14.854,8.429,12.804,0.665,12.491,8.605,11.786,1.449,4.388,4.388,5.954,16.036,8.005,7.607,2.465,9.4,14.149,11.877,3.177,2.138,1.135,14.733,7.227,3.482,10.156,8.405,5.373,2.89,10.971,6.26,9.814,10.06,12.617,8.035,10.701,7.901,3.176,7.378,12.696,4.072,13.236,10.283,0,8.536,14.918,11.471,13.102,6.756,11.886,14.823,2.074,14.345,13.462,12.045,9.475,4.019
Pavaiai,4.248,5.327,13.708,7.417,21.453,13.854,17.466,4.264,8.521,15.511,19.501,9.177,19.489,3.458,4.736,9.825,12.144,12.144,12.378,22.178,14.973,14.367,8.819,16.562,8.652,7.377,7.619,6.487,8.922,8.155,1.344,9.042,1.651,1.538,11.834,11.046,3.15,2.305,1.659,1.594,7.57,1.393,18.017,15.722,8.309,1.225,5.955,4.998,20.538,17.312,8.536,0,8.923,18.769,6.59,2.724,3.353,22,9.408,21.002,6.807,3.662,2.224,12.547
Poloa,8.391,3.674,20.696,1.821,29.303,21.571,25.319,4.751,0.696,23.145,27.423,15.371,27.238,6.548,4.23,16.365,19.251,19.251,20.227,30.403,22.66,22.146,16.308,24.167,1.043,3.349,15.508,12.896,15.785,1.241,9.831,16.882,8.639,10.402,19.635,17.806,5.98,9.934,7.381,7.859,2.465,8.159,25.538,22.816,16.146,9.21,3.011,12.956,28.091,25.012,14.918,8.923,0,26.311,2.35,11.511,7.794,29.654,16.577,28.965,2.218,6.713,10.595,18.572
Sailele,17.924,23.428,5.772,25.375,3.274,4.917,1.884,22.551,26.193,3.258,2.148,11.122,1.31,19.842,22.859,10.057,7.086,7.086,6.411,5.471,3.8,4.433,10.088,2.207,25.584,23.341,11.157,13.418,10.533,26.021,17.455,9.729,20.131,17.961,6.937,8.609,21.721,16.846,20.341,20.356,24.063,18.775,0.773,3.758,10.468,17.866,23.891,13.806,1.785,1.566,11.471,18.769,26.311,0,24.363,16.203,21.936,3.352,9.737,3.323,24.702,22.424,18.697,8.583
Seetaga,6.578,1.334,18.841,1.034,27.289,19.558,23.292,2.404,1.943,21.16,25.386,13.604,25.243,4.524,1.88,14.548,17.356,17.356,18.176,28.294,20.66,20.122,14.297,22.194,2.357,2.912,13.408,11.015,13.892,1.664,7.548,14.806,6.3,8.057,17.59,15.967,3.636,7.742,5.032,5.512,2.252,5.902,23.592,20.955,14.063,6.946,0.667,10.807,26.148,23.021,13.102,6.59,2.35,24.363,0,9.212,5.572,27.691,14.635,26.922,0.391,4.498,8.248,16.905
Tafuna,5.058,7.994,11.379,10.085,18.807,11.288,14.837,6.951,11.154,12.95,16.848,7.421,16.872,5.402,7.397,7.849,9.817,9.817,9.793,19.472,12.403,11.779,6.471,13.998,11.142,9.579,5.147,5.021,6.865,10.816,1.696,6.532,3.928,1.787,9.272,8.899,5.871,2.148,4.383,4.234,9.921,3.391,15.462,13.316,5.828,2.352,8.599,2.746,17.958,14.719,6.756,2.724,11.511,16.203,9.212,0,5.732,19.391,7.173,18.337,9.457,6.271,2.746,10.621
Taputimu,6.863,4.288,17.013,6.002,24.508,17.021,20.552,3.389,7.207,18.682,22.544,12.524,22.592,5.128,3.903,13.178,15.447,15.447,15.525,25.062,18.135,17.51,12.106,19.731,7.926,7.603,10.846,9.821,12.269,6.709,4.685,12.25,1.81,3.989,15.004,14.387,2.383,5.635,2.345,1.868,7.396,4.096,21.195,18.999,11.534,4.521,4.927,8.284,23.69,20.448,11.886,3.353,7.794,21.936,5.572,5.732,0,25.115,12.73,24.017,5.597,1.081,3.492,15.899
Tula,21.27,26.738,9.107,28.7,1.206,8.167,4.575,25.847,29.53,6.536,2.806,14.47,2.526,23.173,26.166,13.408,10.438,10.438,9.623,3.671,7.051,7.635,13.4,5.497,28.933,26.693,14.416,16.766,13.883,29.351,20.7,12.987,23.317,21.128,10.178,11.958,24.991,20.13,23.592,23.58,27.413,22.06,4.124,7.045,13.731,21.133,27.211,17.071,1.611,4.694,14.823,22,29.654,3.352,27.691,19.391,25.115,0,13.078,1.989,28.027,25.643,21.811,11.832
Utulei,8.198,13.734,4.312,15.652,12.751,5.06,8.803,12.899,16.457,6.579,10.914,2.147,10.672,10.111,13.177,1.392,2.762,2.762,3.907,14.072,6.114,5.655,0.887,7.592,15.866,13.66,2.291,3.705,0.941,16.289,8.065,1.737,10.935,8.944,3.318,1.759,12.157,7.283,10.864,10.994,14.356,9.185,8.965,6.377,1.847,8.366,14.176,4.463,11.52,8.447,2.074,9.408,16.577,9.737,14.635,7.173,12.73,13.078,0,12.46,14.978,13.046,9.903,3.729
Utumea East,20.632,25.908,8.858,27.913,0.791,7.408,3.657,24.977,28.798,5.917,1.546,14.07,2.028,22.434,25.325,12.986,9.994,9.994,8.746,2.199,6.35,6.824,12.66,4.99,28.294,26.117,13.53,16.163,13.327,28.586,19.734,12.118,22.239,20.031,9.334,11.567,24.06,19.254,22.626,22.562,26.798,21.175,3.958,6.983,12.863,20.209,26.411,16.17,2.368,4.086,14.345,21.002,28.965,3.323,26.922,18.337,24.017,1.989,12.46,0,27.244,24.608,20.641,11.79
Utumea West,6.947,1.487,19.195,0.673,27.616,19.887,23.618,2.568,1.721,21.494,25.709,13.969,25.574,4.872,2.072,14.908,17.705,17.705,18.499,28.601,20.992,20.449,14.629,22.53,2.398,3.236,13.723,11.37,14.242,1.364,7.805,15.126,6.43,8.252,17.915,16.324,3.784,8.039,5.219,5.665,2.523,6.178,23.932,21.307,14.382,7.215,0.859,11.112,26.487,23.353,13.462,6.807,2.218,24.702,0.391,9.457,5.597,28.027,14.978,27.244,0,4.517,8.395,17.277
Vailoatai,6.554,3.231,17.354,4.923,25.076,17.508,21.098,2.397,6.127,19.166,23.118,12.664,23.128,4.611,2.885,13.387,15.792,15.792,16.026,25.721,18.626,18.015,12.476,20.217,6.854,6.636,11.28,9.935,12.519,5.633,4.997,12.701,2.426,4.625,15.488,14.654,1.603,5.803,2.235,2.069,6.376,4.044,21.674,19.378,11.97,4.694,3.859,8.659,24.19,20.96,12.045,3.662,6.713,22.424,4.498,6.271,1.081,25.643,13.046,24.608,4.517,0,4.332,16.063
Vaitogi,6.353,6.921,14.065,8.934,21.157,13.807,17.237,5.845,10.108,15.463,19.19,10.139,19.285,5.669,6.373,10.594,12.51,12.51,12.3,21.622,14.909,14.265,9.176,16.503,10.47,9.443,7.811,7.639,9.612,9.675,2.722,9.151,1.984,1.138,11.812,11.638,4.615,3.846,3.283,2.737,9.539,3.61,17.972,15.958,8.477,3.106,7.585,5.492,20.427,17.181,9.475,2.224,10.595,18.697,8.248,2.746,3.492,21.811,9.903,20.641,8.395,4.332,0,13.366
Vatia,10.333,16.204,3.037,17.939,11.851,5.37,8.387,15.512,18.575,6.159,10.331,3.403,9.789,12.477,15.698,2.772,2.751,2.751,5.215,13.758,5.954,5.885,4.609,6.875,17.732,15.383,6.015,6.136,3.768,18.501,11.229,5.256,14.157,12.333,4.899,2.082,14.965,10.278,13.831,14.078,16.185,12.046,7.864,4.827,5.555,11.396,16.545,7.877,10.223,7.772,4.019,12.547,18.572,8.583,16.905,10.621,15.899,11.832,3.729,11.79,17.277,16.063,13.366,0
